v3.0 hex words addressed
00: 00008000a 00057FFFA 00050000E 00010000F 000080017 000000000 000000000 000000000
08: 000000000 000000000 000000000 000000000 000000000 000000000 000000000 000000000
10: 000000000 000000000 000000000 000000000 000000000 000000000 000000000 000000000
18: 000000000 000000000 000000000 000000000 000000000 000000000 000000000 000000000
20: 000000000 000000000 000000000 000000000 000000000 000000000 000000000 000000000
28: 000000000 000000000 000000000 000000000 000000000 000000000 000000000 000000000
30: 000000000 000000000 000000000 000000000 000000000 000000000 000000000 000000000
38: 000000000 000000000 000000000 000000000 000000000 000000000 000000000 000000000
40: 000000000 000000000 000000000 000000000 000000000 000000000 000000000 000000000
48: 000000000 000000000 000000000 000000000 000000000 000000000 000000000 000000000
50: 000000000 000000000 000000000 000000000 000000000 000000000 000000000 000000000
58: 000000000 000000000 000000000 000000000 000000000 000000000 000000000 000000000
60: 000000000 000000000 000000000 000000000 000000000 000000000 000000000 000000000
68: 000000000 000000000 000000000 000000000 000000000 000000000 000000000 000000000
70: 000000000 000000000 000000000 000000000 000000000 000000000 000000000 000000000
78: 000000000 000000000 000000000 000000000 000000000 000000000 000000000 000000000
80: 000000000 000000000 000000000 000000000 000000000 000000000 000000000 000000000
88: 000000000 000000000 000000000 000000000 000000000 000000000 000000000 000000000
90: 000000000 000000000 000000000 000000000 000000000 000000000 000000000 000000000
98: 000000000 000000000 000000000 000000000 000000000 000000000 000000000 000000000
a0: 000000000 000000000 000000000 000000000 000000000 000000000 000000000 000000000
a8: 000000000 000000000 000000000 000000000 000000000 000000000 000000000 000000000
b0: 000000000 000000000 000000000 000000000 000000000 000000000 000000000 000000000
b8: 000000000 000000000 000000000 000000000 000000000 000000000 000000000 000000000
c0: 000000000 000000000 000000000 000000000 000000000 000000000 000000000 000000000
c8: 000000000 000000000 000000000 000000000 000000000 000000000 000000000 000000000
d0: 000000000 000000000 000000000 000000000 000000000 000000000 000000000 000000000
d8: 000000000 000000000 000000000 000000000 000000000 000000000 000000000 000000000
e0: 000000000 000000000 000000000 000000000 000000000 000000000 000000000 000000000
e8: 000000000 000000000 000000000 000000000 000000000 000000000 000000000 000000000
f0: 000000000 000000000 000000000 000000000 000000000 000000000 000000000 000000000
f8: 000000000 000000000 000000000 000000000 000000000 000000000 000000000 000000000
